92
8
5
76
73
4
93
61
20
21
63
71
99
41
93
41
100
74
92
91
82
50
21
15
55
33
42
60
2
29
30
88
27
41
67
90
20
40
78
72
71
98
77
31
62
45
8
48
30
91
50
13
40
28
45
33
43
18
87
13
95
1
64
40
35
25
44
57
7
20
45
8
30
48
1
24
74
29
22
5
21
1
17
61
70
5
26
70
1
10
23
2
57
35
3
27
90
41
31
46
57
36
97
50
100
98
28
42
36
89
88
14
77
34
51
94
54
97
62
28
44
74
6
35
8
14
18
66
9
88
24
69
82
44
12
77
50
53
33
58
44
63
71
12
34
56
68
16
81
3
53
1
13
24
46
74
30
13
86
47
63
23
79
18
56
46
45
46
47
49
29
63
21
50
48
37
35
10
69
32
95
39
48
13
86
98
80
94
53
87
8
96
90
2
1
15
16
38
86
28
56
17
73
83
46
78
82
37
56
47
85
43
68
26
96
55
81
29
49
90
26
17
39
100
8
89
84
81
44
48
16
83
50
13
43
30
90
77
98
53
59
11
24
75
11
25
63
75
9
74
31
8
53
6
44
43
57
57
15
31
67
76
22
86
8
35
29
65
94
54
96
81
54
20
17
80
84
4
47
48
20
82
91
58
66
79
44
4
79
69
21
7
54
82
68
82
42
76
31
87
44
83
45
95
18
44
14
46
5
83
37
68
60
46
27
5
51
54
67
27
20
53
46
34
46
1
21
96
16
60
9
42
88
42
6
24
63
55
68
22
83
18
27
85
86
30
12
5
29
2
74
40
93
39
4
14
19
18
94
6
5
9
92
51
84
91
88
83
76
83
93
94
35
72
76
97
25
71
68
67
13
34
1
65
98
14
28
80
73
41
36
61
2
23
97
38
99
7
57
75
76
35
50
52
82
64
7
47
9
47
79
44
20
50
22
57
61
29
30
71
76
91
24
46
20
68
67
4
11
34
87
92
66
30
35
53
72
5
82
55
76
72
88
56
4
51
94
32
46
51
26
22
79
98
90
6
61
29
13
96
73
36
23
87
84
63
8
66
74
19
43
16
76
49
48
42
11
10
56
27
96
56
10
17
55
87
82
15
73
44
14
28
22
20
80
92
28
47
40
26
49
92
33
75
28
31
100
36
41
28
15
36
42
8
99
77
17
58
83
20
54
9
93
49
86
78
36
28
98
47
95
73
59
81
67
43
81
17
44
43
30
7
75
58
48
69
85
20
86
27
8
16
87
84
98
89
94
1
53
5
32
3
23
98
85
85
79
31
34
76
27
83
51
100
24
79
2
38
60
44
65
38
37
76
72
55
34
60
98
72
39
97
50
32
94
21
89
64
14
85
48
35
13
34
98
4
13
6
49
83
66
66
4
84
4
38
82
57
89
42
80
38
66
56
45
70
25
7
61
70
4
50
89
75
84
34
53
46
100
98
23
67
100
79
71
87
58
17
36
62
5
69
49
57
87
90
48
16
26
53
27
54
34
56
65
8
77
97
92
84
33
20
21
34
91
76
23
93
47
38
95
95
14
19
86
36
86
24
66
39
36
11
23
77
12
66
78
29
14
28
55
33
94
80
61
2
81
77
16
60
93
28
79
46
36
67
49
27
95
53
16
20
45
75
13
67
66
54
63
43
70
30
33
71
47
14
54
34
50
2
92
25
55
59
54
29
97
19
96
47
19
41
95
14
7
63
46
60
86
83
16
96
29
43
97
69
13
8
5
50
73
58
26
64
43
37
97
31
87
14
48
43
82
52
30
24
7
90
57
69
90
46
88
49
74
8
12
95
56
56
81
68
46
88
50
5
84
95
35
67
88
91
92
61
37
69
51
81
8
85
26
47
79
63
58
34
94
21
64
21
83
66
13
4
95
63
53
16
7
3
37
22
17
94
42
25
77
17
78
82
20
86
16
47
55
38
24
48
14
83
7
65
26
64
11
13
97
67
44
62
36
85
63
15
3
48
44
58
16
21
25
46
75
50
91
94
45
76
82
76
33
25
35
84
94
98
18
54
58
68
62
76
84
92
10
12
19
11
50
9
53
22
61
57
23
19
53
73
90
91
93
64
5
37
66
86
63
59
78
10
24
59
35
47
66
48
7
44
14
87
17
77
33
8
86
9
72
99
51
14
57
70
71
81
44
15
41
47
74
62
49
8
11
12
99
20
100
66
86
10
15
56
51
58
37
52
29
42
81
2
53
5
10
29
3
76
40
48
91
84
76
43
89
33
1
3
57
57
80
96
