76
93
1
63
69
41
80
41
39
43
26
18
51
73
67
14
57
60
14
65
54
1
73
58
40
32
77
78
88
55
65
14
57
16
8
22
99
18
24
52
84
50
76
80
29
18
42
49
24
26
33
68
32
55
33
100
24
5
6
63
91
5
100
57
36
31
68
56
100
86
99
16
14
24
6
95
1
50
11
83
70
9
56
56
46
27
93
96
27
79
46
89
63
2
45
70
89
96
9
50
42
69
49
39
15
54
1
20
8
92
63
75
63
33
52
30
87
6
3
68
61
75
26
34
23
7
99
59
53
72
70
35
38
76
42
51
59
13
65
24
71
79
61
28
10
79
79
28
54
83
44
77
93
91
42
23
58
100
2
15
67
59
87
81
23
33
49
3
94
88
33
16
51
13
77
7
33
27
15
65
3
66
7
11
39
3
98
8
19
22
77
95
92
52
75
8
57
69
88
7
99
86
77
91
51
32
6
97
41
52
99
1
96
91
26
100
86
75
24
42
69
70
45
86
91
41
67
11
37
85
25
2
20
7
19
74
72
63
50
73
1
96
23
53
100
54
82
71
49
95
86
42
42
7
49
99
93
68
49
14
69
29
64
29
37
87
73
82
19
66
45
95
100
32
2
17
3
99
13
59
95
37
92
58
34
75
93
31
79
19
55
6
9
48
42
25
99
82
8
48
48
96
89
95
15
32
73
46
36
18
26
61
60
55
93
43
77
16
84
43
11
94
4
56
92
7
66
66
34
94
93
46
78
71
75
85
96
22
38
50
67
77
88
52
84
51
62
76
16
75
63
52
61
52
18
84
36
57
89
100
61
84
56
43
26
36
80
63
12
82
68
41
82
29
55
57
87
61
40
51
14
43
65
50
4
57
18
67
47
15
61
90
95
27
54
26
73
99
41
59
66
74
92
62
95
18
61
4
61
92
56
40
5
71
86
63
5
52
25
6
21
74
46
9
1
99
58
98
82
46
100
22
68
68
92
48
53
34
24
55
17
49
53
32
23
29
21
64
23
71
57
74
100
44
31
65
13
80
31
39
100
91
59
35
6
38
39
71
3
97
71
58
15
25
64
63
67
71
69
89
83
66
38
27
47
98
95
16
70
70
62
63
19
98
22
73
89
16
17
4
23
57
54
54
74
72
92
83
31
65
84
1
53
87
49
35
34
42
62
98
22
76
35
58
87
59
17
9
30
7
28
38
80
47
86
47
79
60
5
69
39
43
56
57
71
52
17
32
37
21
61
21
76
85
14
63
65
53
97
55
18
99
60
6
77
67
66
72
76
7
18
86
5
29
14
98
8
8
100
100
25
44
25
30
87
54
20
82
40
91
15
96
67
62
47
68
53
25
58
9
67
10
8
75
54
78
77
41
87
85
35
30
94
49
64
4
67
30
91
15
7
3
53
41
100
55
97
62
16
20
65
28
4
23
33
7
11
35
90
63
83
27
93
86
69
6
4
38
74
18
69
17
82
26
23
15
49
37
92
31
15
8
98
48
27
29
52
50
4
52
15
36
73
8
99
86
67
20
53
51
28
46
94
82
71
57
93
20
4
98
18
75
93
36
90
19
20
45
51
48
65
20
74
4
60
67
32
22
34
50
20
71
20
33
60
89
59
23
96
46
68
63
37
88
47
78
100
33
18
2
10
24
15
20
64
29
5
37
96
55
24
50
42
14
57
29
36
9
94
94
44
7
25
35
26
82
28
92
70
27
47
3
39
14
2
30
39
49
39
71
85
9
23
19
57
19
37
90
74
70
29
56
16
74
76
49
63
1
94
90
92
16
52
79
58
17
11
87
39
32
3
64
23
79
96
24
72
59
75
76
78
95
47
21
42
84
13
69
26
57
27
84
23
29
68
35
12
62
9
80
100
28
29
7
12
41
27
61
29
80
42
55
94
82
8
30
9
26
73
88
52
51
42
15
18
14
95
36
31
59
80
15
25
37
69
15
86
9
17
88
39
71
8
20
46
9
77
5
16
28
95
28
1
76
49
47
55
56
95
85
59
85
80
34
54
76
28
42
33
26
89
97
59
61
27
73
18
82
77
5
28
44
10
97
83
56
9
27
72
91
76
72
65
62
30
12
94
94
10
82
62
49
26
37
27
81
75
50
72
23
81
61
26
88
57
58
37
36
98
26
18
19
80
43
83
86
1
36
16
44
91
20
51
69
40
79
42
41
74
68
58
22
31
51
80
27
95
25
68
84
35
73
1
63
4
40
53
26
69
90
94
49
98
98
33
81
15
63
2
50
