8
9
35
30
7
60
57
33
74
91
20
20
81
46
37
8
24
56
26
99
38
32
78
57
82
87
60
10
18
16
60
93
69
90
35
50
44
15
19
58
47
27
23
47
23
81
97
28
5
25
32
25
17
32
52
26
72
88
90
55
17
42
35
64
76
7
37
21
53
89
43
45
78
45
43
100
45
16
52
46
64
73
64
58
48
10
96
5
37
41
53
49
75
10
78
40
67
70
83
23
69
79
89
68
11
44
64
77
18
48
3
38
29
32
74
23
46
100
85
1
89
17
44
31
55
71
13
7
3
2
1
11
80
81
28
45
27
75
81
63
9
15
17
5
43
60
40
66
5
51
80
12
71
11
65
94
20
17
97
53
62
24
21
65
41
78
62
1
22
8
100
14
9
89
26
68
81
92
65
43
94
34
72
22
73
28
98
3
42
74
21
70
7
69
20
64
21
32
70
34
79
96
69
92
93
98
90
38
15
28
54
72
60
78
97
65
84
87
62
27
34
18
51
75
95
88
53
13
36
30
94
42
60
82
91
54
73
44
26
69
70
98
35
47
1
95
2
59
19
81
79
50
81
16
65
39
21
33
59
20
23
39
60
40
25
19
47
66
70
8
86
11
73
2
72
53
8
35
52
58
99
51
91
18
27
89
98
12
38
51
79
43
82
31
54
89
53
98
33
94
83
78
46
60
17
32
17
53
15
66
34
35
44
45
42
34
6
49
20
81
27
79
99
69
87
16
28
71
63
34
45
10
27
89
71
49
5
45
77
36
34
55
52
21
75
85
32
31
66
89
43
55
97
100
23
23
15
26
25
63
6
58
80
55
62
68
28
59
24
20
100
79
44
95
73
98
1
44
56
30
39
88
92
49
98
94
26
35
54
37
28
70
77
30
46
34
25
84
79
64
79
46
97
8
63
75
10
26
78
80
11
66
11
8
89
24
95
69
7
38
90
15
82
66
57
6
100
42
100
27
93
58
87
40
26
85
35
50
7
60
64
26
90
9
90
1
22
18
89
77
49
69
79
48
100
36
94
40
61
70
60
32
90
71
54
76
78
37
23
76
99
74
6
66
17
100
6
54
84
76
56
21
13
49
17
31
1
96
86
59
73
80
65
12
3
48
40
21
16
21
93
50
84
1
77
28
13
99
72
73
33
90
51
54
83
22
99
64
67
82
9
80
70
72
96
71
57
91
54
21
17
4
34
76
81
23
99
78
66
64
6
95
36
100
91
64
94
78
40
29
3
67
9
85
73
86
84
78
38
96
55
62
65
16
23
13
74
57
68
75
61
97
40
10
39
83
8
66
90
38
27
61
96
36
94
30
91
56
81
62
37
47
21
79
3
31
49
67
62
80
36
20
57
35
12
100
12
51
92
8
50
79
16
20
97
65
2
53
33
63
100
2
9
58
44
80
34
38
14
78
100
98
17
65
61
43
4
48
46
92
69
15
62
79
99
23
53
90
87
39
71
40
81
38
18
69
22
11
23
40
60
22
24
41
32
9
17
74
56
61
14
69
80
11
36
44
26
88
93
15
5
96
60
33
67
69
36
31
96
95
25
80
51
3
28
39
80
34
93
77
70
78
21
50
39
63
41
53
87
34
42
19
6
40
41
89
19
83
10
35
46
14
91
6
3
86
40
23
70
92
53
65
9
35
54
49
65
92
44
67
88
79
69
25
71
71
20
2
11
49
16
81
22
84
4
96
83
94
69
44
27
47
30
42
3
98
1
81
75
39
91
93
49
28
79
95
96
86
83
99
61
5
33
15
45
31
51
62
88
2
32
92
25
45
31
63
16
66
54
30
49
2
25
28
62
55
78
60
23
35
33
85
29
80
89
71
18
79
54
38
83
89
89
97
16
19
74
90
5
39
71
79
76
52
63
9
28
88
24
8
6
13
99
47
38
52
91
35
27
1
20
43
84
34
69
68
34
1
80
82
90
80
21
48
83
34
81
19
93
73
41
65
35
51
30
31
91
30
86
99
63
21
36
42
92
84
2
52
41
99
48
71
61
6
11
73
3
49
70
80
51
99
33
63
98
33
9
69
76
91
65
51
86
56
20
51
54
44
83
79
58
33
27
94
57
1
69
65
34
96
54
24
23
20
7
87
26
11
9
79
99
12
89
18
12
15
12
33
75
50
93
63
76
46
77
56
43
43
66
7
56
23
95
57
12
42
17
21
18
15
32
32
89
88
56
58
91
39
23
14
20
93
60
53
7
42
55
4
84
48
64
71
67
22
66
42
91
51
43
2
